84.353392 130.449270 1
100.524960 79.702516 -1
89.512684 124.804950 1
113.372110 94.912111 -1
100.086890 108.298000 1
83.467432 108.920550 1
111.860460 98.807766 -1
97.648198 135.280330 1
74.097905 95.096281 1
110.685930 115.401750 1
119.427600 100.076320 -1
126.079780 98.621591 -1
97.571339 113.553520 1
80.112886 107.623100 1
112.814230 117.553440 1
113.751350 89.012998 -1
101.386070 116.417400 1
98.390295 113.244310 1
77.362814 118.619210 1
100.500490 130.175830 1
101.126230 80.213004 -1
151.048990 111.877440 -1
121.811190 67.454714 -1
100.360550 108.600010 1
120.126260 92.942266 -1
94.880045 125.764130 1
123.475900 85.501803 -1
107.318880 117.163380 1
118.721350 93.316340 -1
119.055830 72.855732 -1
120.459710 66.288684 -1
91.526625 129.285620 1
99.023289 104.910840 1
96.307406 122.177240 1
110.838520 117.446200 1
112.460560 110.136910 -1
104.369030 117.989620 1
100.931100 100.738950 -1
76.394343 98.171639 1
113.884860 96.436631 -1
103.125440 107.624110 1
102.877040 68.148892 -1
116.169070 93.025181 -1
94.694908 107.632470 1
113.481710 135.800030 1
98.222549 114.159930 1
71.781133 102.365450 1
124.226980 74.461913 -1
114.113440 94.614605 -1
88.813171 124.993410 1
116.908620 111.292100 -1
137.476240 85.120696 -1
108.030650 86.311279 -1
114.408010 82.920289 -1
113.924680 75.475897 -1
129.217590 95.002973 -1
129.784930 114.075050 -1
94.551930 108.987610 1
117.241490 100.033060 -1
89.719874 76.637820 -1
94.397773 112.526930 1
108.423020 94.096294 -1
115.902120 109.446870 -1
122.445590 108.351590 -1
123.531300 103.376210 -1
96.381906 80.590142 -1
128.577730 115.606250 -1
95.926241 100.416070 1
102.969960 97.154611 -1
151.872570 97.671675 -1
109.369090 113.023730 1
94.913625 133.132770 1
84.735136 114.508230 1
90.179775 98.230349 1
107.568350 86.826791 -1
94.901428 154.708660 1
95.179379 113.691080 1
121.988750 87.409385 -1
84.262488 109.078860 1
96.417896 83.672312 -1
97.268650 90.913264 -1
126.299760 94.144146 -1
90.872096 110.722310 1
108.646000 88.580979 -1
88.528636 86.489359 -1
131.590820 105.810170 -1
121.037030 93.360488 -1
86.988536 101.145470 1
105.878220 76.779208 -1
108.853610 82.725995 -1
102.683860 87.436206 -1
119.741890 110.291760 -1
109.947570 134.579670 1
81.574097 126.456950 1
113.787450 125.147960 1
104.915960 73.287210 -1
117.410550 86.092069 -1
81.755467 126.074010 1
105.156280 115.585340 1
114.753730 118.357080 1
130.070520 77.881706 -1
116.988450 84.899904 -1
126.283980 106.034800 -1
127.358390 107.718300 -1
137.372830 85.934361 -1
100.778180 112.936920 1
106.471380 89.303321 -1
119.383800 80.575428 -1
107.799780 140.438750 1
86.948462 117.831460 1
105.246480 133.127040 1
125.163840 81.879536 -1
115.421400 86.589836 -1
116.763410 93.609629 -1
106.654580 136.391810 1
117.060100 87.180080 -1
89.407916 117.698960 1
96.395709 125.497910 1
146.335040 106.592170 -1
104.990210 89.436374 -1
103.219910 97.627543 -1
102.886730 95.601689 -1
114.603710 100.159580 -1
94.552822 121.945770 1
48.572853 119.179160 1
110.626320 77.628713 -1
129.989140 88.296198 -1
128.093650 69.300345 -1
105.784730 129.702150 1
108.114120 126.076770 1
113.628200 93.596291 -1
109.315820 105.987030 -1
127.574700 99.990187 -1
98.090303 108.916280 1
122.437230 68.920815 -1
78.118105 101.213140 1
118.962660 120.890680 1
76.705561 117.387300 1
92.284261 124.028590 1
73.979176 117.051970 1
116.079520 129.432510 1
122.622380 105.775650 -1
117.390080 106.270820 -1
103.115340 98.903068 -1
122.298170 118.118540 -1
110.022500 88.532784 -1
119.284810 97.876362 -1
90.066569 80.815237 -1
134.721360 101.885050 -1
107.576140 93.551622 -1
136.973800 64.066313 -1
120.683750 86.501977 -1
92.267314 127.259670 1
121.142510 89.094595 -1
80.895856 117.979800 1
92.045259 141.740320 1
85.747962 98.285261 1
105.034480 102.615520 -1
114.494920 98.629889 -1
93.756227 111.823770 1
116.154670 101.983600 -1
85.659092 121.320190 1
140.160070 102.544630 -1
92.794499 69.658928 -1
99.745506 108.654380 1
114.198150 79.587877 -1
109.526630 111.871170 1
109.020930 112.342170 1
117.666250 93.518725 -1
84.989689 117.841370 1
116.092140 76.423056 -1
76.290746 116.132960 1
91.009786 80.546555 -1
85.657735 125.495120 1
107.663420 127.565780 1
93.599362 122.048340 1
130.381040 108.787960 -1
112.319140 125.459920 1
120.261120 108.046910 -1
97.238125 111.759770 1
121.921380 102.664970 -1
123.082160 104.898190 -1
103.302120 100.294710 -1
115.015320 108.756850 -1
78.564874 104.764210 1
133.128630 115.205300 -1
125.796500 104.728730 -1
109.137770 100.387280 -1
102.808920 128.613290 1
101.602650 107.763110 1
91.020150 99.354712 1
102.555310 94.566512 -1
80.998811 106.997240 1
95.627494 126.791660 1
90.065876 126.726380 1
110.605130 99.084506 -1
108.443110 71.620854 -1
89.740387 117.033570 1
98.954588 132.913870 1
89.292538 132.116980 1
115.684940 129.416460 1
105.780610 93.240811 -1
79.194291 129.314300 1
114.587930 106.789940 -1
94.064121 119.914340 1
101.852240 95.250779 -1
111.467640 83.534590 -1
109.678730 98.922726 -1
128.438760 101.557560 -1
100.341010 129.220370 1
103.252070 114.638780 1
90.847424 135.470820 1
107.768860 79.967877 -1
99.392176 103.258260 1
103.260300 92.950500 -1
102.111530 85.140774 -1
115.386260 97.008756 -1
117.076740 91.377987 -1
91.485621 131.932550 1
81.346732 112.201060 1
111.868020 100.513000 -1
94.271073 118.638270 1
99.771889 147.041940 1
118.073450 99.863919 -1
102.964530 114.684020 1
74.505338 98.970841 1
125.141160 95.119195 -1
75.611723 99.641975 1
128.997670 88.183202 -1
115.802690 98.737072 -1
111.139420 98.382602 -1
92.056747 101.562890 1
98.840870 104.045610 1
71.748193 91.104850 1
98.248519 90.693812 -1
108.258410 71.761616 -1
102.543880 119.740530 1
116.231000 135.396120 1
105.403780 128.139120 1
103.069160 82.811325 -1
86.779872 130.336660 1
97.789948 91.165117 -1
92.488075 69.924458 -1
115.789510 100.683200 -1
125.471900 102.386610 -1
129.037860 99.268280 -1
122.646210 102.521750 -1
100.443640 116.602330 1
88.060024 67.706316 -1
100.847780 85.409861 -1
139.533950 103.674740 -1
116.630770 98.453765 -1
145.730940 112.326990 -1
110.670620 121.784390 1
84.282002 115.382670 1
131.920200 93.484827 -1
147.441480 101.075980 -1
140.628750 97.473352 -1
129.309780 104.776840 -1
108.693860 119.935370 1
124.860020 89.846238 -1
101.352780 124.181830 1
100.240210 117.152500 1
108.174960 115.572270 1
94.762841 106.496070 1
110.382960 118.520690 1
110.449580 128.284260 1
84.439383 110.219610 1
85.117932 132.107820 1
74.382596 107.023880 1
90.364587 104.997560 1
125.584540 74.400254 -1
97.688868 101.761120 1
111.115580 131.201720 1
104.716180 85.668403 -1
127.265050 105.284480 -1
124.122370 102.585740 -1
103.313020 91.120844 -1
107.748940 89.565742 -1
105.043230 115.325220 1
111.670130 97.799736 -1
107.913450 128.389410 1
76.062207 117.339390 1
119.412780 116.825720 -1
89.913137 109.760370 1
64.116434 79.349421 1
75.543297 106.063660 1
136.638960 78.375425 -1
76.745447 104.206460 1
104.681150 128.600260 1
89.358139 99.582311 1
93.606803 91.770457 -1
128.846910 123.595290 -1
127.597410 112.897180 -1
130.989920 88.564249 -1
98.595817 82.290426 -1
110.406450 61.762434 -1
100.734820 92.644680 -1
164.686740 84.404148 -1
119.044130 78.070587 -1
128.724090 114.312040 -1
98.809968 94.681455 -1
130.932270 99.493737 -1
106.455600 116.075630 1
102.794780 134.721870 1
114.649260 91.521247 -1
129.936450 118.009500 -1
92.829867 108.712770 1
90.544619 123.705770 1
91.657788 117.062690 1
93.519690 113.099610 1
108.302920 113.013140 1
94.816416 117.335740 1
107.944350 124.305930 1
116.650460 105.824420 -1
101.349450 148.993180 1
95.968294 99.420283 1
136.826260 103.423050 -1
131.802790 105.422790 -1
130.314840 103.640520 -1
104.273880 103.884150 -1
161.126160 88.902532 -1
121.101120 100.957680 -1
107.425790 125.130990 1
109.685510 93.764642 -1
91.892004 117.033990 1
104.910630 99.920557 -1
119.018990 98.544832 -1
107.497770 141.542960 1
88.535549 120.142890 1
93.370947 109.735750 1
121.120710 87.017603 -1
109.670290 81.787531 -1
101.690000 121.095510 1
107.021500 94.204358 -1
79.953477 122.133090 1
111.420340 140.052260 1
89.734538 120.678680 1
91.369603 104.047890 1
115.359090 99.072490 -1
103.908770 85.730690 -1
125.056610 85.461300 -1
99.210147 122.618200 1
140.332530 124.913090 -1
138.411450 106.662190 -1
135.613540 100.989670 -1
116.400670 56.653836 -1
124.282470 90.227892 -1
120.120580 94.160036 -1
104.364620 106.363990 1
114.303710 103.624240 -1
113.972660 91.359975 -1
98.410804 65.918917 -1
136.989640 137.819440 1
101.982640 126.724330 1
124.401540 91.463168 -1
69.900386 109.626890 1
93.175892 112.516400 1
104.154080 84.546816 -1
73.544949 105.471250 1
102.465020 77.101139 -1
99.747352 111.918760 1
128.239220 113.878000 -1
139.857060 93.654494 -1
113.183440 87.676097 -1
126.442500 90.717079 -1
105.452250 110.298790 1
102.662480 113.655870 1
112.791720 87.750814 -1
106.034790 90.054864 -1
91.328056 112.071010 1
121.489510 90.008043 -1
116.962140 87.297275 -1
94.662905 81.698802 -1
91.563565 115.200630 1
84.740921 62.460817 -1
103.368460 127.951490 1
93.178275 115.368470 1
126.371700 85.764713 -1
102.226500 95.880846 -1
110.282150 125.383720 1
87.413791 142.391250 1
140.200020 105.563220 -1
127.609320 87.395302 -1
105.773910 96.701478 -1
134.447290 74.599876 -1
133.251120 93.969094 -1
109.637480 130.282640 1
51.717034 128.380600 1
104.838320 79.250485 -1
115.286140 122.390010 1
123.005290 118.639680 -1
72.314597 127.988100 1
104.408580 110.309700 1
120.401680 109.361310 -1
120.560370 90.507264 -1
131.171950 109.997040 -1
117.082290 86.939906 -1
113.763040 102.862130 -1
104.466980 107.576520 1
111.566960 96.244725 -1
77.117869 109.926500 1
77.478460 117.252730 1
98.272169 112.930640 1
84.912669 102.433930 1
76.899760 101.206680 1
101.244240 118.419980 1
87.824378 112.385010 1
96.757430 107.169050 1
102.824850 113.380760 1
93.563056 68.693564 -1
124.200500 109.395460 -1
103.257010 99.707239 -1
135.752110 94.552883 -1
117.888820 92.093638 -1
94.584212 122.241180 1
120.239750 118.461930 -1
88.728002 100.842120 1
91.562116 111.452410 1
113.673920 82.774756 -1
117.608980 93.677091 -1
107.871910 104.104840 -1
110.841510 95.560120 -1
87.093932 109.630060 1
123.223980 114.404340 -1
103.326320 85.401067 -1
107.292820 119.608120 1
146.777030 97.249355 -1
87.692210 107.433670 1
70.293392 108.281780 1
95.020296 92.605723 -1
85.145270 118.731790 1
141.605710 99.421498 -1
57.944684 128.155930 1
105.468200 119.987540 1
103.414600 124.253940 1
110.806820 82.892444 -1
82.591820 87.800004 1
106.136330 108.610110 1
135.235430 88.412486 -1
110.082430 98.816967 -1
111.322880 89.918384 -1
116.738300 104.122500 -1
124.881100 97.755022 -1
83.795262 97.936171 1
115.915010 96.863054 -1
118.318100 110.192970 -1
125.192750 100.737370 -1
114.253730 95.996419 -1
65.229353 117.488750 1
105.568350 110.305080 1
94.852055 103.996790 1
126.299090 88.993179 -1
115.372100 123.664420 1
117.058610 91.202005 -1
139.716160 104.509280 -1
102.690460 119.143660 1
99.763553 80.021913 -1
132.129190 87.786547 -1
81.892079 130.861420 1
118.284960 99.302079 -1
121.415740 95.424642 -1
99.858411 114.741670 1
73.906982 111.933890 1
91.235246 122.951670 1
88.950188 115.889730 1
132.085670 90.686342 -1
94.635506 131.572120 1
138.796390 82.927631 -1
94.283719 123.276780 1
87.298599 99.674232 1
105.237830 119.630260 1
84.451716 122.160820 1
71.737012 108.461050 1
108.644660 103.355040 -1
107.944580 116.945870 1
102.067610 117.092660 1
104.052860 127.081980 1
107.295120 88.023007 -1
112.070650 121.213770 1
139.761430 109.741510 -1
125.513490 73.505391 -1
113.166780 110.584730 -1
130.530350 121.526300 -1
116.919590 133.087230 1
101.459420 123.936590 1
123.466780 111.560590 -1
111.574420 100.645790 -1
114.905870 103.295680 -1
108.398990 125.231730 1
115.383710 110.627320 -1
100.949490 127.077620 1
142.311060 100.650110 -1
100.925100 97.405508 -1
109.059840 103.661850 -1
112.467270 97.088108 -1
79.324560 122.652300 1
142.241430 98.421592 -1
109.555850 75.885510 -1
107.003710 131.684100 1
111.593350 80.355481 -1
106.259270 98.635614 -1
109.672490 128.603430 1
126.069530 100.110660 -1
96.360969 101.420650 1
69.193150 137.646150 1
118.315370 98.985748 -1
123.751950 111.165700 -1
111.727570 95.586180 -1
103.327160 136.528800 1
96.434383 117.291960 1
92.422565 113.052230 1
102.955120 113.247870 1
94.226619 120.154240 1
81.195164 120.904870 1
103.728050 130.005620 1
80.952908 111.329120 1
136.083210 118.715600 -1
121.460200 88.976681 -1
106.110560 103.524520 -1
101.911180 119.990270 1
101.171410 82.510371 -1
125.965800 78.313389 -1
99.832792 121.603200 1
94.924671 106.661390 1
119.644510 54.216456 -1
134.516240 123.545710 -1
87.330158 103.275230 1
98.929495 139.369700 1
89.899304 94.527297 1
92.503028 108.040410 1
96.670203 117.838010 1
71.012449 102.103640 1
100.869870 123.755710 1
121.011680 76.770922 -1
99.778541 113.829980 1
119.977790 110.045870 -1
141.985310 112.106770 -1
87.169582 103.452180 1
93.067693 113.923860 1
119.391670 80.694286 -1
126.450780 74.640890 -1
99.729272 107.326910 1
82.943638 121.245550 1
129.721030 91.442169 -1
92.283570 108.844650 1
94.295482 106.863090 1
111.042380 82.422449 -1
108.810270 93.126065 -1
68.457348 121.069220 1
101.093280 146.273630 1
97.465661 117.935900 1
116.991980 67.009801 -1
110.394720 97.996426 -1
88.239453 132.566140 1
99.307834 118.971730 1
103.268920 95.223120 -1
108.001130 126.870550 1
119.109780 69.728050 -1
94.508003 69.886035 -1
88.638671 70.751493 -1
82.954600 113.517340 1
129.525320 85.039086 -1
128.526980 107.070670 -1
114.495970 104.022320 -1
83.475572 103.007290 1
122.745130 94.951673 -1
121.857250 87.641102 -1
123.052930 120.706310 -1
143.465770 118.800280 -1
92.196547 120.400710 1
99.368203 116.624390 1
99.522398 110.321450 1
105.833480 144.430130 1
94.146259 112.273960 1
81.226682 129.309750 1
113.796730 91.708387 -1
101.042360 85.699915 -1
132.136260 134.679950 1
141.333270 85.544479 -1
112.844730 109.288460 -1
109.630120 83.577393 -1
149.233630 80.897816 -1
127.778890 106.562420 -1
108.782930 118.143700 1
99.475004 112.512580 1
113.419070 134.920180 1
93.441798 110.120070 1
111.075430 116.744990 1
103.192890 124.688030 1
100.503580 109.628890 1
108.771000 122.997290 1
126.256700 109.479160 -1
96.149176 112.767550 1
109.636050 90.607697 -1
111.265270 104.679280 -1
126.672730 85.531332 -1
141.166360 97.048878 -1
132.198280 115.813850 -1
121.309240 94.939178 -1
110.407690 67.641623 -1
113.286300 90.860853 -1
95.972272 106.208230 1
150.434560 82.268696 -1
83.631244 109.584870 1
78.724265 95.948542 1
105.896950 99.062206 -1
98.985965 77.683480 -1
118.772130 86.222002 -1
133.027520 106.171660 -1
65.537124 125.246850 1
92.259785 120.997700 1
106.492900 114.950540 1
90.849345 129.558160 1
144.966870 109.437180 -1
103.916920 85.038279 -1
120.452830 103.907650 -1
113.550730 78.846859 -1
138.189550 104.038440 -1
101.372810 94.594352 -1
109.241390 86.945484 -1
91.047453 76.135797 -1
130.448230 97.017917 -1
113.405470 102.911870 -1
95.740440 115.011760 1
98.122646 85.055317 -1
123.427090 84.032928 -1
94.319153 119.236270 1
114.135620 126.434780 1
90.530630 95.198049 1
121.326370 77.146203 -1
92.195122 113.547120 1
101.839600 92.592828 -1
101.633940 87.581444 -1
85.242174 99.429688 1
91.421871 76.582620 -1
90.319106 120.281940 1
110.561100 83.747009 -1
108.457660 87.605276 -1
125.533100 89.026230 -1
116.255880 145.472520 1
97.920534 116.712570 1
79.879740 102.693490 1
133.384640 111.725140 -1
94.352917 139.553970 1
107.398340 98.467134 -1
90.269109 113.089860 1
74.562105 120.203190 1
87.494865 112.344770 1
102.713050 85.315134 -1
94.112291 115.818940 1
113.563670 89.524052 -1
97.832858 122.509270 1
127.203450 115.020570 -1
118.711730 129.514980 1
101.037910 105.255880 1
134.577070 97.941574 -1
96.901860 126.748210 1
135.359870 116.577210 -1
111.738740 123.338040 1
70.293121 105.412180 1
112.442130 78.554833 -1
108.091870 133.076280 1
95.272384 85.966727 -1
72.406736 104.742080 1
78.494220 101.895440 1
90.959435 101.171710 1
91.513931 112.703130 1
113.130990 88.269140 -1
106.116530 102.733890 -1
63.609860 101.352930 1
116.144360 75.794880 -1
103.739730 122.365030 1
110.316880 99.718020 -1
118.982610 89.332689 -1
83.270719 121.498900 1
107.992050 96.303443 -1
117.681690 72.916685 -1
112.921280 93.815029 -1
104.093140 118.984500 1
145.386790 93.015072 -1
88.790055 125.468450 1
81.505613 98.552576 1
114.182170 78.574321 -1
108.326620 115.070410 1
116.295240 82.347869 -1
128.472000 114.567910 -1
105.650540 86.545496 -1
93.494037 108.564640 1
96.427035 87.926914 -1
123.251570 66.943542 -1
111.089690 107.045370 -1
104.339380 87.640204 -1
106.872080 81.301617 -1
111.389410 68.864065 -1
102.113830 122.093030 1
91.231552 121.135770 1
103.477780 115.783980 1
117.980220 111.797460 -1
102.065850 114.067960 1
127.966530 112.285770 -1
85.021036 107.793690 1
134.489160 108.813150 -1
114.787000 135.568980 1
97.733355 115.821500 1
134.964110 106.424620 -1
121.363360 92.171525 -1
98.719805 109.173380 1
111.208670 85.820814 -1
109.541190 117.027870 1
86.713440 112.434660 1
65.328261 126.722920 1
96.124545 86.111461 -1
115.157860 85.820697 -1
86.541581 132.597970 1
137.724310 111.915000 -1
80.122891 118.068410 1
159.903760 65.465572 -1
86.199357 107.973680 1
90.531671 120.402940 1
114.743770 87.707132 -1
80.108433 113.316760 1
116.834300 103.363990 -1
103.599730 106.552160 1
56.925708 117.698580 1
107.568560 92.268326 -1
109.032420 75.813110 -1
90.793601 125.858670 1
110.740250 87.113281 -1
105.233830 115.395300 1
120.950330 94.200789 -1
80.542092 123.631620 1
102.820710 113.500160 1
123.624920 97.083719 -1
112.556950 99.065662 -1
115.454170 96.867056 -1
90.716017 115.889710 1
92.470819 79.781140 -1
134.650460 86.387528 -1
75.985964 131.083960 1
79.465411 91.369445 1
119.973330 104.362830 -1
129.235150 123.302330 -1
96.196855 76.942987 -1
116.903920 83.425963 -1
107.145720 126.028590 1
135.850690 107.360770 -1
95.033641 85.938075 -1
130.121970 96.838859 -1
120.804350 103.259540 -1
108.170090 82.557152 -1
115.352540 110.793560 -1
110.231050 87.158085 -1
98.231155 75.771505 -1
135.888690 115.599560 -1
70.246642 106.536620 1
60.448647 121.949590 1
105.516730 115.827640 1
124.318540 71.863864 -1
130.194230 70.378635 -1
110.403810 98.576837 -1
111.539740 118.229810 1
85.097892 109.404070 1
121.124260 78.571196 -1
106.630820 95.057781 -1
110.173960 100.460970 -1
98.947724 130.805820 1
134.961150 109.282660 -1
110.333360 133.779760 1
141.613210 116.889080 -1
95.658348 115.258180 1
83.466179 96.878894 1
132.615810 78.958789 -1
104.691890 69.436525 -1
109.933690 114.033260 1
119.892130 82.590092 -1
79.620487 105.745580 1
111.482940 97.096487 -1
82.188428 129.068670 1
106.387380 114.197710 1
105.038810 131.737080 1
99.796565 74.861357 -1
113.065530 109.214950 -1
135.846250 127.198250 -1
114.674720 71.093938 -1
97.141994 119.571360 1
89.845904 115.244380 1
90.906809 118.931300 1
92.374946 105.556610 1
105.813140 101.198410 -1
112.866180 96.672272 -1
84.957237 110.490930 1
115.712000 111.691750 -1
85.105646 121.924660 1
102.258900 87.687275 -1
110.395430 126.412900 1
95.973511 148.428800 1
128.948830 101.683090 -1
116.889220 100.327580 -1
102.220320 128.076730 1
109.437840 94.811365 -1
85.430047 115.166580 1
120.438670 88.079747 -1
115.702940 92.058620 -1
132.586210 119.522670 -1
128.701020 81.436522 -1
104.853750 92.140153 -1
141.183560 136.503900 -1
100.654500 111.047800 1
116.301710 96.742120 -1
125.086540 87.919226 -1
124.372360 101.049770 -1
102.083790 128.411520 1
119.234240 94.903668 -1
112.141200 88.620159 -1
60.050424 126.577720 1
102.384630 83.762814 -1
94.068072 84.167016 -1
123.870660 93.655665 -1
129.584620 86.861067 -1
103.141040 119.257080 1
101.586390 92.126992 -1
93.086179 112.561540 1
95.651456 125.363870 1
122.351800 109.978540 -1
100.472670 71.819543 -1
102.600410 116.423520 1
106.999680 138.554960 1
103.871120 112.475550 1
103.610240 86.568685 -1
103.438260 117.920030 1
106.897840 119.373340 1
140.564500 92.178665 -1
76.744969 111.805100 1
108.112330 133.796820 1
127.142820 95.424077 -1
85.389036 113.167750 1
103.858300 94.436566 -1
122.372910 84.456239 -1
102.602690 86.993150 -1
67.878324 121.501550 1
108.844560 100.041220 -1
107.610250 82.388451 -1
126.994340 108.197930 -1
128.206340 96.538751 -1
123.977650 80.647950 -1
117.498010 86.656710 -1
85.925559 89.489641 1
89.518909 114.267570 1
113.803730 78.919562 -1
83.896811 97.333407 1
72.617772 101.406920 1
92.465366 90.793922 -1
91.237420 83.598239 -1
118.039990 110.276910 -1
95.130184 105.481970 1
129.377980 112.083090 -1
100.913680 91.306185 -1
123.629630 100.555090 -1
115.424640 98.791200 -1
128.703150 78.661767 -1
98.596285 114.515350 1
103.420490 111.221170 1
100.927080 95.823782 -1
122.247380 104.505470 -1
102.846190 108.366100 1
75.360873 122.053100 1
103.622930 122.607160 1
66.390410 140.253740 1
87.720209 105.870610 1
86.968740 102.621040 1
95.220585 97.565094 1
115.845810 91.658463 -1
99.766888 125.706860 1
131.641860 95.287339 -1
104.180840 120.889230 1
98.381076 104.248520 1
113.507680 129.012430 1
79.910018 120.604990 1
104.235010 122.372710 1
104.459330 126.569030 1
104.934590 99.609694 -1
116.559370 123.261370 1
118.192900 98.546857 -1
113.159610 93.600890 -1
96.195714 109.887410 1
92.268449 85.018134 -1
82.200353 96.199468 1
82.854851 115.484580 1
140.073850 78.083745 -1
105.439810 128.598410 1
126.292860 77.039441 -1
87.465737 132.052760 1
116.740850 99.151201 -1
110.432160 117.579590 1
119.347570 85.838493 -1
125.519140 106.057940 -1
111.554060 102.681230 -1
104.346080 98.935814 -1
107.121430 112.325040 1
115.872950 83.533955 -1
133.665820 82.719024 -1
77.529854 137.140650 1
121.149260 104.160360 -1
112.816250 130.350810 1
128.996990 110.017800 -1
123.575360 63.257236 -1
130.513550 81.512261 -1
81.406530 115.094950 1
94.648233 113.605810 1
58.865571 95.387392 1
76.715776 113.116030 1
131.674100 95.009234 -1
129.827360 136.784030 1
94.637223 123.385730 1
137.161880 72.287817 -1
89.859594 84.896616 -1
94.816874 125.561100 1
108.712420 100.040700 -1
85.415778 70.355509 -1
90.521844 128.164000 1
124.942720 115.303760 -1
135.962750 112.430940 -1
104.718080 124.827130 1
123.468900 87.021113 -1
98.012333 80.934454 -1
102.563190 94.802955 -1
97.422144 109.704970 1
119.629010 138.549480 1
126.652210 111.764930 -1
130.390910 128.923300 -1
96.570741 90.095756 -1
120.788940 92.787325 -1
115.892000 121.032370 1
87.290541 106.745310 1
121.509790 120.031200 -1
126.806270 104.676930 -1
116.712230 98.354669 -1
117.437730 74.849355 -1
132.803550 100.986450 -1
105.345460 95.030632 -1
116.459150 94.342777 -1
115.525750 120.507270 1
119.544240 102.106510 -1
102.107860 92.479273 -1
91.091353 105.628900 1
98.124381 115.170690 1
100.081070 118.595120 1
112.547710 97.121009 -1
130.586410 82.602118 -1
112.624740 133.792370 1
112.632950 124.706850 1
109.565790 93.240457 -1
78.733815 105.311610 1
104.493330 125.555610 1
98.189688 136.357390 1
95.686095 129.250010 1
73.270308 118.772270 1
110.095540 118.687390 1
99.804535 101.448950 1
104.444830 140.783080 1
95.891914 88.781336 -1
97.554629 109.670350 1
69.123527 93.721394 1
119.407120 98.373865 -1
116.190120 98.211954 -1
96.400486 107.541420 1
103.505350 120.660450 1
129.451860 97.854289 -1
116.805770 119.777980 1
99.702759 148.564800 1
136.490670 78.453099 -1
110.913460 105.874090 -1
128.664640 104.596700 -1
94.750374 104.484280 1
131.476190 108.001570 -1
87.439971 102.524850 1
97.735056 108.935030 1
131.215750 84.854705 -1
68.917525 94.876041 1
111.130610 90.531387 -1
74.083258 121.324510 1
100.820880 112.903130 1
134.264540 64.504402 -1
98.557682 107.317540 1
123.260800 102.828030 -1
93.673433 104.707630 1
124.458320 117.062330 -1
89.988021 88.722906 -1
95.560551 110.574240 1
111.968670 122.976780 1
89.107339 109.881410 1
125.317000 144.246070 1
98.046450 110.441340 1
100.671980 85.690768 -1
80.083734 107.708880 1
98.164747 113.619960 1
90.212274 120.011430 1
76.789319 100.420690 1
119.310450 103.429350 -1
113.186920 87.503865 -1
80.720731 87.195064 1
135.179780 86.095358 -1
119.316370 75.930581 -1
115.417120 104.576780 -1
105.770690 117.241610 1
133.598890 94.189786 -1
132.760050 93.317119 -1
141.198020 103.343230 -1
134.511040 110.502310 -1
97.615201 115.009750 1
125.524490 84.224456 -1
79.946259 129.106670 1
69.791616 106.845880 1
103.374460 112.117900 1
91.113041 61.549931 -1
116.807900 108.748790 -1
115.428220 78.561424 -1
138.702360 81.918173 -1
100.925220 147.251410 1
106.304240 80.660751 -1
122.346960 105.427590 -1
131.899060 109.704740 -1
86.303939 101.141840 1
105.604070 94.071553 -1
135.943050 107.580670 -1
120.581240 106.366420 -1
89.494590 109.145860 1
120.108150 84.779294 -1
110.600230 71.926071 -1
107.194490 90.380646 -1
90.781951 104.783850 1
115.697160 90.592824 -1
110.762960 95.628644 -1
91.045734 124.234290 1
114.994700 58.441679 -1
103.219310 130.065530 1
70.132151 131.099260 1
110.957120 122.003130 1
82.081586 98.419511 1
114.359760 103.553300 -1
93.171941 127.746750 1
93.049233 82.967167 -1
125.488470 97.759531 -1
89.018487 94.180850 1
108.615740 114.545450 1
69.667929 113.606690 1
127.800850 91.982993 -1
124.780870 137.011350 1
75.702704 133.537680 1
116.689440 92.410003 -1
108.601010 116.952130 1
103.094260 113.839220 1
138.129140 113.544640 -1
104.699600 119.572100 1
87.644972 122.727390 1
124.436660 95.031345 -1
88.339492 111.165790 1
127.846920 91.533305 -1
136.924610 126.374500 -1
125.714440 106.730780 -1
103.998340 82.075917 -1
110.826810 131.825910 1
117.280530 96.570637 -1
125.805580 88.452738 -1
94.332125 126.065360 1
85.165256 113.611370 1
125.598290 110.614560 -1
114.820130 123.650640 1
83.751728 81.065236 -1
107.002590 119.602380 1
117.013580 103.134910 -1
100.686820 120.376270 1
101.270090 108.291970 1
102.347570 89.570088 -1
81.887779 143.084000 1
109.512380 122.642320 1
83.526563 121.902280 1
79.878077 120.271610 1
123.604190 79.992317 -1
108.960400 103.787320 -1
112.967000 90.387279 -1
74.664606 160.437410 1
86.676030 134.206440 1
104.194770 118.636230 1
104.520180 110.488820 1
85.436084 121.462750 1
130.674340 96.583546 -1
96.307264 102.198620 1
113.825940 102.223020 -1
99.142257 87.666421 -1
89.012668 97.308626 1
111.700930 73.256313 -1
87.153092 116.259250 1
123.677050 90.630198 -1
140.845280 79.726759 -1
97.858329 125.086990 1
87.114202 131.456770 1
125.527050 81.127231 -1
122.857760 124.849460 1
115.885760 106.135300 -1
73.167169 99.190529 1
81.478466 114.450320 1
82.406919 111.309260 1
118.242360 88.211788 -1
105.882820 110.125990 1
119.279540 83.215439 -1
98.205311 74.664467 -1
117.853410 106.452130 -1
115.522290 99.407581 -1
120.119310 105.530250 -1
119.956810 143.186510 1
106.509120 129.439970 1
90.297821 106.564660 1
90.008176 114.869850 1
108.077440 89.005391 -1
107.780750 103.651500 -1
113.413790 83.002871 -1
121.782970 98.142130 -1
83.956881 118.097620 1
85.127441 71.999363 -1
119.130760 115.265620 -1
84.488149 109.024850 1
90.310419 139.497770 1
114.274160 76.948626 -1
75.809904 92.137267 1
117.757030 89.481455 -1
120.965880 95.881245 -1
110.915500 99.428959 -1
94.080948 116.066700 1
100.279880 119.411760 1
124.772050 114.258560 -1
92.901838 133.713230 1
83.757794 85.622982 1
122.441560 117.179750 -1
102.215170 115.200320 1
114.006210 97.513792 -1
89.566204 105.461090 1
140.673730 78.710450 -1
54.500154 109.960230 1
142.486600 104.199440 -1
101.704870 107.124520 1
87.923940 143.156180 1
98.388806 113.314200 1
132.096620 62.134668 -1
83.758138 119.536160 1
111.539150 81.771188 -1
88.722625 144.842790 1
104.718880 119.726400 1
120.653450 107.912490 -1
116.095690 106.919200 -1
132.144320 100.252790 -1
90.250966 122.308150 1
92.697929 104.766440 1
99.428002 118.198330 1
107.357530 137.709840 1
107.312770 104.315810 -1
88.478490 103.291870 1
95.702584 130.652440 1
122.324160 99.251289 -1
102.189740 95.092471 -1
134.173750 70.070495 -1
121.807070 96.968235 -1
70.057220 119.852630 1
104.149440 98.835526 -1
129.882450 103.240640 -1
89.538566 105.335660 1
78.476821 126.230570 1
121.142670 110.981140 -1
103.072140 123.759660 1
89.395827 77.024568 -1
81.409626 93.532600 1
110.812690 132.976340 1
96.158511 115.450400 1
107.836400 100.341700 -1
75.514086 122.881130 1
101.607690 93.690057 -1
145.241420 101.260470 -1
138.320820 89.431397 -1
100.001830 131.688340 1
125.780220 109.241390 -1
114.207450 82.156666 -1
123.111860 104.749440 -1
121.367760 80.701428 -1
55.813334 98.678745 1
96.626910 113.878830 1
73.619484 113.854920 1
104.524730 98.743811 -1
95.072356 126.628550 1
100.111190 86.275265 -1
132.195940 104.275150 -1
109.212140 88.989402 -1
118.154930 77.128944 -1
112.411830 121.522130 1
113.328540 117.333600 1
103.410560 92.328847 -1
127.412010 106.930770 -1
105.651180 113.209040 1
93.203298 95.601768 1
121.940000 95.021929 -1
126.030880 76.392260 -1
94.539116 118.294720 1
137.831970 125.082840 -1
94.667328 117.411870 1
73.402975 107.500030 1
122.335920 103.747320 -1
107.101030 114.502390 1
110.095850 125.701420 1
136.256860 89.514000 -1
99.011447 128.123430 1
112.758060 104.801230 -1
114.587700 128.468560 1
107.574950 75.283079 -1
84.873854 117.463850 1
108.304410 94.414600 -1
93.940714 136.705380 1
100.466440 89.705612 -1
106.647670 118.457350 1
87.043313 108.317480 1
92.483014 114.927810 1
110.930400 94.493208 -1
114.538220 103.408950 -1
123.504630 105.417560 -1
112.881700 127.978490 1
119.971730 94.921895 -1
109.005740 119.120270 1
76.821367 125.497920 1
98.451822 106.162380 1
101.296990 114.755360 1
93.029347 115.507120 1
129.079270 116.862980 -1
86.916575 104.999610 1
114.056570 118.666790 1
95.924794 135.275880 1
94.625297 115.504710 1
131.709190 97.231919 -1
102.134860 137.900700 1
81.172689 138.580560 1
104.559190 73.954656 -1
107.946180 86.650819 -1
111.971310 81.126832 -1
81.901507 61.942687 -1
112.593160 98.026829 -1
111.864100 127.310260 1
78.758699 137.691920 1
82.025979 128.300130 1
97.991590 75.131565 -1
101.473360 67.427504 -1
121.240690 124.903370 1
84.129930 61.019769 -1
114.745680 144.430970 1
87.665066 140.164030 1
95.294338 122.396360 1
128.023360 93.444179 -1
119.311810 133.422780 1
128.552970 106.257870 -1
91.038378 100.269390 1
74.508150 105.708920 1
116.496420 123.446630 1
98.111450 125.676750 1
135.324810 96.993314 -1
104.275500 89.249648 -1
127.971400 106.434850 -1
116.631340 95.390144 -1
88.555904 129.318330 1
77.150524 105.954470 1
89.072022 96.314215 1
130.958510 74.945567 -1
101.424120 112.161870 1
88.989334 124.171590 1
120.871980 98.501256 -1
104.050190 92.475201 -1
112.063960 116.768970 1
90.249700 147.862700 1
91.092525 83.437701 -1
142.250520 121.992430 -1
102.388420 96.799627 -1
119.000260 123.441040 1
116.727930 103.597860 -1
110.492960 103.920210 -1
133.899350 128.520310 -1
97.289657 116.279010 1
111.688590 126.719960 1
79.257225 98.303206 1
127.946970 90.470020 -1
131.820270 110.692900 -1
119.493970 111.887650 -1
120.405550 79.870792 -1
101.115350 131.031060 1
97.271563 89.150981 -1
129.823030 86.218357 -1
111.329420 127.277240 1
104.468650 116.353580 1
92.529301 105.581730 1
128.128460 118.303090 -1
121.335880 95.673619 -1
101.171220 97.635396 -1
89.978514 104.267120 1
107.399110 117.790480 1
83.315867 127.227060 1
87.022832 113.380300 1
115.313910 118.845770 1
84.510307 135.808780 1
126.486880 97.643329 -1
113.664110 92.328220 -1
120.209010 100.420790 -1
91.559293 101.004570 1
138.030530 78.344337 -1
92.189482 121.635480 1
108.391320 115.059840 1
91.959647 99.312953 1
79.915301 114.098470 1
106.931280 118.103190 1
140.265310 113.645370 -1
91.369344 115.716000 1
117.558940 88.402276 -1
97.049589 113.328890 1
141.810230 102.075540 -1
118.004350 82.958025 -1
95.680821 114.365780 1
108.169100 94.556180 -1
91.646269 124.993300 1
108.295040 92.510057 -1
77.099493 132.398190 1
81.091519 107.868020 1
115.824040 68.405040 -1
126.396730 83.981695 -1
122.387970 83.060039 -1
129.239510 95.523300 -1
73.418126 111.625060 1
75.940885 129.552910 1
109.689450 120.036280 1
103.106250 87.032856 -1
100.886660 120.141370 1
92.264228 93.878451 1
95.775114 93.283526 -1
110.743600 67.267352 -1
82.363725 127.795680 1
99.901908 131.370390 1
102.364390 113.604700 1
118.446910 96.634674 -1
120.539380 136.504750 1
108.340930 95.948569 -1
90.349871 99.416153 1
105.899740 131.598090 1
110.478010 77.410796 -1
135.253320 89.775151 -1
91.254057 143.234660 1
102.786250 117.049770 1
93.313157 125.399050 1
92.536617 71.333221 -1
62.806561 125.206690 1
77.961603 111.196320 1
112.967150 95.035255 -1
106.549260 120.544220 1
110.902720 63.531580 -1
92.162226 102.451350 1
124.578640 92.465419 -1
84.716462 72.954764 -1
76.611875 125.558000 1
96.321746 102.398420 1
103.140890 87.856726 -1
80.612056 127.631600 1
102.282510 143.618970 1
84.674663 124.948310 1
109.227590 119.420770 1
89.977448 119.163330 1
133.869220 108.384570 -1
109.203430 87.715251 -1
122.058030 105.103210 -1
107.612590 99.083108 -1
102.036450 136.590720 1
136.586120 109.530330 -1
123.487040 94.306798 -1
65.268688 117.603970 1
83.970139 115.307670 1
118.747640 98.478971 -1
91.740344 131.369320 1
97.606130 117.063350 1
116.661260 89.740649 -1
123.897070 91.821148 -1
120.424750 101.590670 -1
89.624371 113.045330 1
102.556270 74.522316 -1
98.695035 75.058782 -1
88.602964 129.970150 1
124.070140 108.587770 -1
95.074745 112.292500 1
109.368560 89.234024 -1
157.087210 88.678212 -1
73.681242 106.447500 1
107.704640 130.464550 1
86.328312 93.005590 1
99.855344 81.997527 -1
109.010570 100.632570 -1
130.854890 124.673720 -1
99.578232 123.914300 1
104.361960 107.446090 1
123.777870 107.371870 -1
86.087630 92.241882 1
105.250840 110.242910 1
70.831439 113.959210 1
94.336611 119.766500 1
115.116250 87.891693 -1
122.072470 104.533510 -1
84.738844 115.596030 1
83.960343 113.871010 1
122.471630 91.534043 -1
100.844910 107.470860 1
97.443120 128.532470 1
86.000750 79.428384 -1
99.551992 115.462160 1
90.513696 86.665235 -1
100.032560 64.747367 -1
77.934328 145.752170 1
96.959285 132.915640 1
85.562404 100.709830 1
77.121931 103.980840 1
92.419762 103.591460 1
121.197240 127.587500 1
109.969240 89.466103 -1
135.848310 105.498140 -1
134.904660 117.229330 -1
107.859410 158.017130 1
132.333490 91.394929 -1
68.412406 109.892370 1
99.843006 111.153440 1
70.321073 136.167860 1
88.132884 95.080948 1
103.854930 131.003530 1
96.224886 118.089260 1
59.966338 103.656580 1
99.614855 83.384802 -1
102.182340 83.098089 -1
141.092680 102.948890 -1
104.675080 88.106503 -1
97.565484 128.664710 1
130.464940 90.073405 -1
65.354791 107.355610 1
100.149120 119.819080 1
87.661145 132.745540 1
97.337461 121.893620 1
109.215810 107.438010 -1
99.372315 150.926130 1
109.939820 95.542264 -1
103.984620 117.568570 1
109.277050 131.720680 1
86.072861 99.552934 1
107.295240 93.556684 -1
94.949328 140.295460 1
116.580340 84.061293 -1
91.384002 110.201160 1
75.914025 126.416370 1
124.905570 97.478089 -1
119.735240 106.185670 -1
111.653430 90.674286 -1
77.584708 133.979680 1
68.505771 98.498895 1
90.948436 96.270916 1
62.173568 107.731190 1
75.593909 125.150140 1
90.038793 77.188994 -1
129.158780 114.762460 -1
113.490470 91.525796 -1
130.728750 81.198512 -1
106.216080 117.094230 1
96.199675 104.476730 1
110.286060 89.746200 -1
114.453100 86.379526 -1
93.580926 104.100540 1
110.225340 120.897190 1
125.052320 92.876402 -1
113.488230 98.592674 -1
112.060250 91.899728 -1
100.349990 119.774920 1
136.005050 125.574210 -1
121.688130 113.917960 -1
114.903530 90.078279 -1
97.742810 113.035480 1
49.165534 135.350270 1
74.287679 136.582970 1
80.297101 125.130920 1
97.610535 113.373180 1
119.113730 104.626010 -1
102.165030 112.105300 1
104.244510 96.796156 -1
117.430040 96.760295 -1
104.965880 111.878500 1
125.341850 92.791439 -1
99.375050 127.947240 1
94.203012 113.584700 1
90.134254 106.078240 1
121.672220 78.384191 -1
83.036302 115.564990 1
130.879840 94.041878 -1
127.383310 108.866020 -1
79.274823 120.213030 1
91.066948 96.026221 1
143.936260 81.663392 -1
112.942630 94.530109 -1
