97.855421 125.387990 1
48.571973 104.501180 1
80.250214 106.601290 1
114.659380 76.893242 -1
80.156290 92.579178 1
123.656360 58.595884 -1
111.601430 87.896503 -1
126.940060 107.878790 -1
122.397600 66.968479 -1
83.175969 118.269950 1
77.801720 135.914300 1
65.158479 121.720730 1
98.389186 130.375770 1
91.853612 124.274570 1
100.271950 142.481330 1
104.759670 80.632308 -1
133.208500 89.851098 -1
114.414190 91.643473 -1
128.551990 112.769850 -1
82.452004 118.328400 1
85.034721 121.283730 1
96.765485 114.810210 1
126.964770 83.342393 -1
130.108340 94.418245 -1
142.951870 99.090330 -1
104.625450 71.020713 -1
158.890960 119.195470 -1
130.731620 94.614148 -1
127.193690 93.634377 -1
155.241980 79.254267 -1
118.452540 83.975046 -1
45.793408 148.907430 1
114.985200 90.246686 -1
93.974964 134.977630 1
138.362370 90.353078 -1
146.636820 68.689281 -1
91.626839 118.114570 1
77.947289 100.386130 1
77.930756 119.659060 1
129.204130 94.520936 -1
129.797740 116.837180 -1
90.453887 133.669120 1
88.204008 112.927600 1
129.458800 80.085502 -1
93.480962 133.630490 1
84.200379 153.203830 1
110.719460 67.842136 -1
144.898400 65.408778 -1
76.351795 125.043540 1
140.416390 79.304825 -1
122.541120 90.462255 -1
123.118810 103.235850 -1
108.845990 84.558955 -1
93.714612 114.708430 1
95.655130 127.563630 1
137.039430 84.350869 -1
103.623430 69.336310 -1
106.100740 135.525690 1
62.239709 104.315810 1
98.127766 111.268920 1
96.905785 113.492420 1
75.077214 124.086850 1
136.012430 84.279848 -1
81.169983 119.215000 1
101.276190 130.629620 1
77.904005 131.052620 1
74.201936 120.587340 1
84.888589 111.957540 1
103.974670 119.317840 1
94.467926 123.809200 1
98.364936 110.978580 1
113.279600 81.665781 -1
135.083230 102.285690 -1
127.018940 79.836224 -1
126.318930 66.110192 -1
130.599390 110.590380 -1
93.955677 137.405940 1
124.920280 107.190150 -1
101.272050 113.479160 1
99.539048 113.397960 1
97.388893 129.753690 1
82.291419 140.638810 1
76.976132 107.761750 1
116.674620 94.803080 -1
138.821590 89.222122 -1
95.174999 118.272000 1
95.764475 117.235510 1
84.990469 141.556490 1
112.800030 105.265000 -1
114.494660 95.281322 -1
80.857199 115.810580 1
65.451947 121.589990 1
89.605634 121.097210 1
104.161740 136.446310 1
126.150730 73.376509 -1
124.055820 80.395669 -1
104.263090 68.007298 -1
86.150369 108.572570 1
101.382110 120.281270 1
111.517160 96.667679 -1
126.262330 80.904460 -1
86.440728 114.273690 1
139.792570 93.205546 -1
93.160618 124.292160 1
153.149100 91.918046 -1
129.212090 82.390062 -1
89.869616 141.083380 1
124.405870 96.974496 -1
142.094110 102.533850 -1
88.860268 122.352020 1
87.416284 118.067430 1
130.456320 100.643030 -1
142.315040 42.088381 -1
117.049440 102.511300 -1
85.605694 122.652390 1
93.974203 136.124780 1
106.751160 88.414603 -1
76.329176 96.768665 1
94.344250 125.851420 1
65.079871 145.705750 1
100.132500 118.176700 1
107.284370 93.629343 -1
106.617940 126.493450 1
79.186546 130.114800 1
128.138260 79.431117 -1
103.031620 116.207910 1
129.570980 92.293407 -1
107.475610 97.268572 -1
89.812172 102.995470 1
117.674300 97.278451 -1
124.852560 77.234981 -1
121.918990 72.505543 -1
113.296910 77.005086 -1
89.192451 122.438510 1
77.789050 118.458440 1
124.828050 82.823599 -1
143.585740 42.613279 -1
124.201320 75.604539 -1
112.259880 87.478202 -1
73.682811 110.291760 1
134.471790 79.721542 -1
111.595170 88.407688 -1
123.635610 81.782109 -1
131.844170 81.796711 -1
110.598780 69.290003 -1
143.851360 70.199713 -1
99.852281 132.573990 1
113.311980 81.075758 -1
78.017172 110.434920 1
103.015600 89.616823 -1
84.641114 110.042160 1
113.429650 126.491300 1
114.515360 102.770080 -1
87.801679 118.991330 1
112.460890 101.045530 -1
102.017330 128.269710 1
131.626190 90.158481 -1
101.028450 60.825672 -1
93.182796 111.929960 1
93.279732 130.203870 1
113.228030 93.343431 -1
90.488175 124.007080 1
122.253260 77.357997 -1
129.748700 96.602142 -1
105.782630 85.094221 -1
139.779240 81.979050 -1
143.730620 104.231850 -1
133.600830 117.186340 -1
133.711960 81.423211 -1
135.767000 73.485919 -1
129.065070 92.282853 -1
116.464000 72.326248 -1
105.321430 65.719625 -1
143.645430 90.404960 -1
131.107930 109.721220 -1
102.501420 121.488720 1
58.195408 160.109200 1
93.959471 121.891160 1
88.150637 150.148700 1
110.644620 83.678128 -1
120.521250 100.598110 -1
80.697672 114.909840 1
126.399380 89.306543 -1
118.387630 68.872765 -1
107.034030 65.109246 -1
140.060170 95.029922 -1
105.501250 84.567350 -1
77.174518 126.993440 1
135.563800 86.385455 -1
114.026950 74.750550 -1
108.320130 87.669945 -1
123.801410 87.246388 -1
130.996370 96.793032 -1
104.523600 78.417118 -1
123.067690 95.775801 -1
123.386920 83.960518 -1
117.465680 96.170411 -1
101.920050 144.730190 1
113.052220 79.884306 -1
103.487390 139.081070 1
88.398767 123.867700 1
152.461090 41.714147 -1
96.374909 114.573620 1
111.773140 85.242530 -1
119.746100 104.017960 -1
82.797063 123.368930 1
82.883235 117.820960 1
134.420910 85.389275 -1
137.807290 86.358349 -1
96.485105 140.851570 1
105.166200 87.843803 -1
115.368290 85.069345 -1
118.545120 86.400589 -1
126.160700 93.797581 -1
121.250490 73.615951 -1
116.425820 66.391152 -1
73.430316 127.071130 1
121.233210 69.255755 -1
85.998738 118.940550 1
126.392210 81.651167 -1
151.361760 79.646616 -1
103.701990 74.889456 -1
111.472990 139.533420 1
94.912619 130.635310 1
94.469484 71.765164 -1
83.985777 131.662720 1
134.845620 96.662109 -1
97.552195 124.313090 1
99.360114 113.511880 1
115.195870 79.471365 -1
123.749030 108.779240 -1
122.568310 102.611160 -1
77.813204 101.865940 1
150.901360 67.207998 -1
91.971585 166.573120 1
102.165670 92.450221 -1
101.370180 67.458693 -1
60.560653 138.112170 1
88.202495 133.542720 1
122.485590 87.023917 -1
94.100748 103.193680 1
136.302990 107.796090 -1
125.515080 75.205771 -1
83.549749 118.301530 1
91.268221 125.062680 1
140.836240 101.724650 -1
154.772810 102.715750 -1
80.044357 121.139370 1
104.416920 125.430440 1
134.331050 93.329122 -1
98.060676 108.958050 1
141.935350 96.815658 -1
59.172315 116.435850 1
101.994620 87.089660 -1
121.699340 79.180593 -1
94.354129 71.584076 -1
94.537575 127.049270 1
133.553160 87.307596 -1
84.342718 133.942370 1
99.763017 132.825670 1
121.886500 101.129950 -1
142.169250 92.873376 -1
89.968985 108.639900 1
109.784270 96.184552 -1
119.827170 74.004887 -1
61.487594 117.823940 1
102.732400 140.624500 1
97.810517 80.295310 -1
70.076848 117.074420 1
95.908878 85.477262 -1
124.558480 110.496000 -1
102.352110 92.429084 -1
95.891883 114.392670 1
104.916830 91.890614 -1
102.077130 116.603490 1
131.798650 77.440419 -1
87.867628 116.754330 1
109.909690 137.827050 1
110.664530 75.880941 -1
95.488380 124.716690 1
72.717570 111.488370 1
116.852450 81.467411 -1
87.329733 119.343200 1
124.726920 82.835939 -1
97.166395 129.939540 1
116.983470 87.528710 -1
133.921030 111.917260 -1
59.241039 108.481830 1
97.552913 69.745005 -1
112.757610 82.013775 -1
111.804930 128.470360 1
88.207334 130.344450 1
100.465080 115.448140 1
107.861780 68.161932 -1
120.130960 103.359200 -1
92.495801 114.070520 1
125.177040 81.693026 -1
101.630690 123.584980 1
84.759998 135.612560 1
77.509961 139.282960 1
85.086188 137.548540 1
134.277660 111.032220 -1
89.764257 114.304620 1
62.754480 126.841280 1
92.547104 105.194230 1
96.819314 113.179940 1
81.117557 105.992030 1
118.837070 84.504424 -1
119.163000 91.617146 -1
90.921352 121.852060 1
59.079830 82.289150 1
107.552480 122.453450 1
112.777970 94.654359 -1
136.081490 83.487512 -1
120.670430 97.966254 -1
98.363769 108.637570 1
116.297740 73.895369 -1
127.413450 99.789982 -1
130.948490 97.975115 -1
105.164370 124.911230 1
140.370350 100.410540 -1
111.176300 101.837970 -1
68.497488 135.971230 1
127.344160 85.044477 -1
105.040540 96.025027 -1
154.678170 92.539938 -1
73.619345 114.643300 1
139.011310 105.921690 -1
103.839650 116.731530 1
117.332490 102.608060 -1
102.108400 129.255850 1
62.754057 112.153400 1
73.666256 84.901250 1
111.486810 89.987115 -1
113.755650 147.306600 1
120.910770 90.912420 -1
133.209140 98.871904 -1
78.930387 137.990690 1
106.101370 87.674165 -1
121.304560 103.767790 -1
113.829970 100.948980 -1
119.294100 91.489604 -1
124.362980 58.887316 -1
92.978094 125.027050 1
89.689520 142.276150 1
87.989166 109.181540 1
97.388895 134.395710 1
108.078280 96.516531 -1
97.840158 146.850460 1
90.173848 76.084746 -1
128.690030 106.958290 -1
106.854910 117.925350 1
110.340870 88.123062 -1
141.301180 109.992710 -1
97.793542 110.535130 1
74.469075 119.865340 1
120.732630 93.474396 -1
89.136287 137.082440 1
140.271750 85.784328 -1
135.346350 82.915534 -1
151.412200 89.845950 -1
142.672710 78.964644 -1
86.881624 114.444440 1
76.200217 151.716690 1
97.275860 144.931300 1
98.670339 111.773420 1
79.543723 129.699550 1
46.923728 126.240850 1
86.777080 118.616700 1
85.135865 103.725390 1
127.892640 92.847484 -1
84.530466 106.383330 1
91.305882 106.502000 1
133.607470 100.525810 -1
93.312150 136.718380 1
121.614480 94.572880 -1
119.045150 90.878973 -1
84.188586 111.483500 1
89.482214 109.627830 1
76.718847 117.927800 1
96.917811 127.186180 1
89.960205 112.113690 1
74.995068 88.588622 1
89.115817 129.510380 1
83.105943 134.474200 1
102.675900 69.724844 -1
86.345147 141.565280 1
90.773351 104.362820 1
93.910741 133.941840 1
64.758604 144.894810 1
137.601470 66.405330 -1
82.647989 125.539540 1
107.458950 69.327319 -1
104.025180 131.611570 1
133.086530 103.121270 -1
81.125310 124.381650 1
108.824950 84.399605 -1
118.641560 143.806800 1
136.367750 82.466878 -1
74.241767 130.106080 1
82.248793 105.516530 1
116.770660 103.666050 -1
100.917950 133.714860 1
93.181916 135.221190 1
75.718336 127.148010 1
108.245920 142.922030 1
74.175188 138.061110 1
115.192390 106.848110 -1
70.446355 138.807570 1
75.067313 101.852790 1
84.833096 111.545420 1
138.595760 87.122327 -1
84.310810 99.421318 1
149.522330 109.227480 -1
74.654952 138.320450 1
93.819673 119.025900 1
77.360082 163.531330 1
119.764290 63.414771 -1
140.604440 69.223251 -1
117.479950 85.779308 -1
129.276360 90.162907 -1
146.206110 77.424151 -1
113.067680 74.665929 -1
107.266160 119.273070 1
144.887530 128.164750 -1
121.708730 78.475399 -1
111.826210 94.410163 -1
88.608887 126.142320 1
82.681277 119.845100 1
85.815436 104.183430 1
103.236270 116.747020 1
84.387047 114.266070 1
122.298030 85.386246 -1
112.634980 86.105780 -1
75.645408 125.806780 1
129.345530 112.798020 -1
121.600190 78.397572 -1
137.430930 116.178040 -1
116.068320 87.598200 -1
133.981690 95.395502 -1
73.764975 149.827300 1
146.245550 85.114321 -1
91.697447 106.895470 1
140.152520 98.588604 -1
97.168269 116.891580 1
88.468933 100.005860 1
154.973170 61.862514 -1
93.381544 126.152120 1
114.239600 85.583532 -1
92.055351 105.608820 1
121.300640 95.289242 -1
86.086002 135.203300 1
108.137620 137.692220 1
98.296283 80.311482 -1
124.997740 97.605081 -1
80.317723 119.519480 1
91.635295 140.714870 1
82.961152 126.032770 1
131.337800 100.951890 -1
92.404877 126.345780 1
117.594430 79.499444 -1
66.220043 134.079710 1
70.638025 132.436100 1
112.043020 68.190723 -1
107.300230 116.337560 1
79.973198 99.518070 1
90.169985 126.602100 1
93.957671 120.555730 1
120.365280 81.124093 -1
100.404140 48.111028 -1
78.782596 114.897020 1
94.076780 70.682405 -1
142.420830 62.695470 -1
98.698576 122.737060 1
119.858930 133.286180 1
66.288434 99.689270 1
135.728840 123.560500 -1
98.437498 112.818490 1
129.732810 96.324157 -1
143.119980 101.236120 -1
109.274750 90.578277 -1
135.422290 94.524578 -1
65.432866 115.551000 1
67.466002 109.108670 1
116.742120 94.345256 -1
82.014992 124.735330 1
136.638230 76.242118 -1
97.543765 111.566150 1
128.053120 94.360538 -1
118.298310 81.246001 -1
95.202401 143.025090 1
139.574030 95.801187 -1
125.977800 102.846310 -1
136.267870 77.141184 -1
85.279228 116.804050 1
132.142660 113.840040 -1
145.297860 102.386080 -1
126.583420 97.664135 -1
114.279530 89.108620 -1
96.783794 145.205950 1
126.356520 75.202440 -1
103.049170 165.143790 1
60.168734 141.000640 1
94.584270 118.599520 1
113.483930 94.369669 -1
118.161770 82.246506 -1
109.275590 83.714889 -1
93.734073 128.236030 1
121.910490 89.809818 -1
77.047271 121.111130 1
83.829256 126.270400 1
136.735200 107.748350 -1
99.607618 117.747470 1
105.968320 87.103196 -1
93.108567 117.469950 1
127.295540 80.656446 -1
104.123990 116.043910 1
129.599490 112.463920 -1
128.854550 98.824989 -1
138.040160 77.952400 -1
134.566460 89.624009 -1
85.582212 130.560470 1
144.377350 105.882860 -1
102.168370 84.286650 -1
83.451534 131.903000 1
123.386900 74.856842 -1
135.093830 98.879948 -1
135.625830 108.815600 -1
145.429120 102.014770 -1
129.609700 81.039146 -1
75.118543 93.966604 1
134.010580 102.693670 -1
117.584760 58.645871 -1
96.659160 128.562770 1
101.930860 120.917950 1
111.025160 99.133814 -1
70.932817 143.539450 1
126.511330 102.163390 -1
130.059070 90.536575 -1
122.193260 95.676124 -1
109.894180 67.172865 -1
94.579376 123.667230 1
133.016440 107.635250 -1
95.162862 128.932770 1
116.475460 85.917037 -1
117.636760 68.767260 -1
132.156910 110.414380 -1
93.817104 144.803190 1
140.004020 77.505243 -1
103.504420 118.226070 1
104.943190 121.555540 1
95.190072 110.316630 1
104.362960 135.945580 1
117.405250 103.094730 -1
144.160250 92.910556 -1
118.014660 78.755709 -1
122.573400 98.163446 -1
64.555839 139.024520 1
106.325760 132.887860 1
101.753270 131.594770 1
103.692830 80.685265 -1
112.870850 75.701179 -1
79.016797 93.305350 1
66.841283 93.407245 1
99.143544 138.979980 1
86.268660 124.580980 1
93.309754 143.882390 1
111.847390 52.745321 -1
93.029088 118.979990 1
129.346760 97.800502 -1
104.269390 65.734528 -1
93.511039 117.515340 1
113.631790 81.468097 -1
63.333690 116.465760 1
109.665620 131.844440 1
116.964010 99.732419 -1
97.348168 115.539040 1
77.915147 116.294720 1
89.874024 102.820270 1
131.551280 79.417812 -1
121.913630 69.339879 -1
88.925835 115.215170 1
76.032523 125.572500 1
103.769300 129.837680 1
74.540858 137.648020 1
87.000746 123.517020 1
82.587294 115.537020 1
82.717021 110.105830 1
140.096490 87.489580 -1
86.818291 133.259600 1
80.268657 129.855980 1
122.348750 98.033510 -1
114.597320 97.542860 -1
94.128534 109.623610 1
127.837720 94.394489 -1
109.855860 72.307949 -1
63.794954 159.796190 1
92.620896 119.361940 1
80.014620 128.217180 1
109.414120 87.109426 -1
97.543115 115.554440 1
141.475740 91.543763 -1
88.947600 123.622120 1
97.809030 112.541840 1
118.554390 79.186803 -1
119.667400 90.091410 -1
59.462437 116.460610 1
92.728308 127.202180 1
122.066910 74.964800 -1
111.531050 90.430139 -1
122.326900 96.263323 -1
79.310011 129.935270 1
119.578650 56.929268 -1
117.416920 99.267830 -1
132.791150 106.118600 -1
82.509740 135.994450 1
111.169310 79.939158 -1
107.330420 127.251230 1
109.912380 97.511180 -1
108.321300 90.198225 -1
115.878170 125.054150 1
73.768322 105.198290 1
133.423600 81.775117 -1
100.502260 124.550310 1
136.535940 92.954431 -1
98.538614 127.461130 1
80.866837 131.553000 1
96.137855 128.223560 1
64.607275 119.185680 1
125.366840 79.288211 -1
94.433987 125.743920 1
113.587470 140.248000 1
82.789709 123.479760 1
145.475040 87.016712 -1
125.699120 67.508037 -1
126.165090 89.336998 -1
126.088810 86.874606 -1
88.685484 116.251360 1
140.958190 106.075500 -1
88.457973 111.731520 1
83.299870 109.741150 1
115.644400 101.178570 -1
115.832610 103.416720 -1
120.802280 82.390705 -1
96.280091 150.254720 1
108.958810 145.909390 1
120.874720 89.211035 -1
77.729099 123.269760 1
97.219012 66.943395 -1
101.352100 93.580409 -1
125.825060 112.640250 -1
129.034090 91.233580 -1
131.996740 90.771411 -1
133.479120 112.579680 -1
76.285122 117.879720 1
97.670946 114.048670 1
118.375800 64.523015 -1
104.523700 80.352117 -1
128.919290 103.971350 -1
101.942730 76.728141 -1
104.565710 72.847531 -1
119.873970 96.261658 -1
137.985980 84.132409 -1
82.101069 110.847710 1
112.440830 97.133661 -1
101.663080 131.949080 1
119.662870 85.048805 -1
84.045541 126.864440 1
124.957240 103.554330 -1
96.499358 117.161470 1
132.987650 100.508310 -1
110.289240 147.654420 1
100.337380 113.763190 1
97.473844 112.212780 1
121.365100 101.681750 -1
112.511690 68.267540 -1
97.302550 115.438820 1
118.516110 74.468970 -1
71.471164 128.876780 1
67.470675 132.217040 1
117.105410 136.030080 1
96.004092 126.866620 1
102.112310 142.384470 1
135.041760 89.267053 -1
124.710120 93.082836 -1
131.979720 117.220350 -1
122.514960 109.010410 -1
132.781650 68.119505 -1
125.937050 117.081100 -1
121.741740 103.284540 -1
120.432990 108.585480 -1
101.064020 152.085610 1
133.189990 86.213964 -1
60.089855 140.838230 1
114.647520 76.381819 -1
141.215560 89.542999 -1
95.677003 107.836890 1
115.554100 89.967202 -1
108.795400 153.179680 1
102.324000 62.374476 -1
114.186300 144.284750 1
119.016170 87.370739 -1
126.549360 101.640030 -1
115.745490 103.555270 -1
88.488721 149.828030 1
139.591470 111.275220 -1
116.835530 82.313245 -1
111.089050 145.421570 1
85.369545 115.841490 1
104.372870 139.492810 1
91.612240 131.822120 1
131.598640 106.435080 -1
140.621170 75.056375 -1
91.800406 114.760650 1
79.169573 134.734130 1
87.590714 127.616530 1
92.460361 130.254610 1
95.482377 136.337580 1
106.396550 67.019865 -1
144.867520 98.836772 -1
84.083171 114.982550 1
118.060340 134.722630 1
101.952530 118.701080 1
93.805130 124.699840 1
106.064790 136.088970 1
131.339110 77.231983 -1
141.207260 103.586680 -1
116.192490 101.668770 -1
127.599620 77.352145 -1
81.581804 120.705940 1
90.325973 122.133300 1
78.679783 138.538940 1
87.890130 127.753550 1
120.823750 75.571232 -1
80.168794 110.261910 1
91.469208 123.733280 1
73.449119 109.671560 1
80.569068 90.484681 1
99.897994 72.561663 -1
106.057250 131.965540 1
92.708795 116.025040 1
90.390976 119.558200 1
118.627470 96.161701 -1
110.109390 145.406310 1
113.386650 83.931020 -1
84.203267 115.895770 1
106.296720 89.965866 -1
112.111370 102.275150 -1
114.543060 100.384560 -1
101.502740 125.602360 1
145.923260 108.067080 -1
108.838790 94.025034 -1
152.887920 97.900382 -1
93.810925 119.327410 1
134.035990 116.049200 -1
148.044850 64.544539 -1
99.233665 146.957790 1
78.080578 124.086620 1
61.971416 116.171630 1
136.811030 81.430287 -1
77.391635 105.207680 1
104.124920 134.769670 1
94.324271 75.461713 -1
82.619984 131.858200 1
81.721554 120.894710 1
94.244479 111.879050 1
113.696820 138.652390 1
137.158780 112.575230 -1
139.716630 76.845884 -1
137.134670 56.218452 -1
124.077520 60.637269 -1
141.527980 85.816544 -1
117.470900 146.119170 1
108.961170 97.457210 -1
100.857760 150.935850 1
127.433920 93.029431 -1
134.180120 88.216268 -1
111.397500 152.908960 1
99.687006 114.327240 1
96.207231 129.442760 1
142.953320 90.103331 -1
121.204110 75.934916 -1
137.521350 95.988874 -1
80.380452 105.216260 1
117.489030 88.222118 -1
136.765430 111.318900 -1
94.652563 121.747220 1
76.374958 121.895890 1
107.191300 140.953680 1
98.993036 82.490424 -1
128.371030 107.994770 -1
88.127006 107.447460 1
96.889228 113.998820 1
133.450030 87.548228 -1
83.257916 113.236580 1
76.637807 122.914750 1
112.105630 96.432571 -1
94.315840 117.868990 1
122.572490 138.241610 1
109.727930 99.454969 -1
157.033580 74.185463 -1
81.261554 117.683750 1
150.549750 91.554380 -1
89.552177 127.364310 1
141.634950 126.376320 -1
71.404050 140.057580 1
115.898910 86.507468 -1
141.373800 62.259298 -1
115.126140 84.458794 -1
117.046410 101.517630 -1
81.184093 106.524160 1
77.528838 123.629700 1
109.330650 82.222120 -1
84.036659 132.294220 1
134.179840 64.241279 -1
82.602697 121.628980 1
151.720930 77.457287 -1
111.276120 147.904500 1
85.881570 115.473810 1
132.151330 92.131391 -1
86.420077 112.929100 1
145.491310 110.305710 -1
121.210960 88.384650 -1
74.567016 125.290050 1
116.058210 127.601750 1
106.034670 127.110320 1
90.492370 118.767870 1
76.806710 122.343920 1
131.498620 88.326074 -1
73.828774 93.185986 1
98.048158 127.780060 1
89.397311 125.380020 1
112.263440 85.635479 -1
105.172120 132.994400 1
81.411015 103.881880 1
93.182879 119.291340 1
119.951120 130.325580 1
118.380020 79.749358 -1
134.029520 104.742130 -1
140.711950 101.129090 -1
72.713517 102.722700 1
102.308890 91.469788 -1
100.841170 129.586160 1
129.304620 103.317980 -1
84.700839 116.242260 1
140.862050 88.425318 -1
56.099894 121.188380 1
123.733520 81.042568 -1
143.054700 75.067989 -1
83.944419 108.484320 1
151.248940 88.350895 -1
102.089330 81.517418 -1
95.090061 119.992260 1
88.615864 114.454610 1
104.672040 84.074489 -1
135.036340 84.617384 -1
133.400630 77.686332 -1
111.832910 78.855024 -1
96.779978 136.733960 1
121.322000 108.336160 -1
136.232030 88.181966 -1
78.702325 147.895850 1
116.867470 83.868691 -1
66.499095 111.698540 1
108.865600 83.002242 -1
110.969110 141.302470 1
78.889741 103.592520 1
126.877980 106.026180 -1
128.659050 99.819613 -1
96.535898 70.167554 -1
110.619090 126.864830 1
102.386450 62.786850 -1
67.250913 98.696519 1
82.362294 122.002540 1
111.613640 94.086205 -1
88.714850 136.586050 1
89.241650 157.782670 1
110.824150 85.433535 -1
70.938944 117.263280 1
89.737738 102.127050 1
34.842996 112.765320 1
95.229578 113.634190 1
134.576550 79.208538 -1
135.324600 118.288380 -1
141.206430 87.787272 -1
85.382008 144.711190 1
133.811940 86.916382 -1
73.519868 103.658020 1
137.143590 86.188350 -1
110.907550 77.235563 -1
75.544787 109.099140 1
126.213610 74.055682 -1
128.906670 115.391930 -1
93.155670 122.078930 1
87.270016 135.788150 1
116.598280 47.213226 -1
72.328650 107.021820 1
93.038988 128.804670 1
107.004450 138.644230 1
117.034110 101.191460 -1
96.582288 124.223280 1
100.332430 136.632980 1
78.463669 123.252080 1
92.686658 127.355960 1
101.638390 78.674517 -1
107.367920 118.492440 1
82.873666 97.042003 1
103.300510 130.467580 1
92.051178 117.282950 1
103.686020 95.356161 -1
70.681029 113.200520 1
93.815722 119.091200 1
145.491120 79.157784 -1
98.407698 82.217964 -1
83.971748 128.147590 1
101.826130 84.151249 -1
130.304050 89.051354 -1
123.306230 82.634940 -1
126.292780 80.973316 -1
126.190990 102.882410 -1
107.176710 127.783490 1
111.272240 64.275237 -1
99.402659 123.529590 1
141.455650 122.754260 -1
102.802750 68.822368 -1
91.684431 116.433640 1
109.353780 84.860634 -1
93.975062 78.261068 -1
119.949390 75.124681 -1
85.664989 125.020360 1
108.934970 125.478280 1
92.866461 118.307380 1
116.061970 155.088720 1
108.577680 78.629318 -1
82.835938 110.693350 1
80.767866 126.051610 1
115.736960 95.355313 -1
97.648278 125.355920 1
108.105450 129.599000 1
99.259587 79.110194 -1
95.671533 82.709853 -1
122.215350 91.093833 -1
118.874660 93.018160 -1
93.173818 113.324010 1
106.102890 120.972330 1
111.435460 119.684170 1
102.295360 93.615224 -1
66.689793 138.453640 1
147.728390 92.490309 -1
105.992920 80.573094 -1
139.082350 102.200220 -1
90.060644 115.828020 1
104.643090 121.570810 1
111.483390 86.426320 -1
92.665377 127.642980 1
119.922120 81.167641 -1
70.786948 111.195830 1
79.297078 136.526080 1
113.577400 68.101337 -1
97.977941 129.358840 1
90.160884 121.941490 1
97.173302 124.546050 1
119.784390 88.694674 -1
77.675623 121.630610 1
73.606265 109.510350 1
108.709280 62.986414 -1
124.452520 90.772613 -1
85.644169 107.912240 1
97.653526 134.899310 1
106.016560 131.106140 1
125.226380 110.803090 -1
79.718220 120.572270 1
112.092200 125.186160 1
101.384480 75.546983 -1
120.251990 100.584380 -1
105.469870 132.711430 1
82.290642 105.754660 1
82.632804 123.061530 1
117.383400 90.451750 -1
115.082840 86.131098 -1
104.312330 122.358500 1
113.211730 84.143147 -1
107.655950 119.892840 1
89.563419 109.341730 1
92.771406 117.218350 1
135.761890 88.547570 -1
97.606845 113.675300 1
113.422790 93.081520 -1
75.760063 121.131850 1
99.549772 133.680380 1
129.769820 68.224585 -1
85.539363 103.095170 1
102.750110 135.130620 1
76.303256 119.865510 1
95.531711 155.190770 1
98.992908 133.491640 1
131.690840 109.979930 -1
105.420310 90.474128 -1
65.958485 114.266970 1
86.927480 145.320540 1
104.854220 146.527870 1
145.974530 86.925856 -1
80.640502 114.972270 1
85.570708 155.168340 1
120.477780 61.645579 -1
95.147277 148.307980 1
72.553206 118.043660 1
134.720130 109.428740 -1
108.444170 85.088371 -1
98.355586 145.300630 1
116.055870 92.992981 -1
90.710064 114.654050 1
119.326440 101.056030 -1
101.486490 126.950560 1
112.848340 88.485445 -1
89.398491 111.934270 1
103.810440 141.421710 1
140.415980 66.494142 -1
114.560390 86.474480 -1
114.183180 69.103451 -1
130.022360 79.524801 -1
119.322600 97.512311 -1
54.588068 147.004050 1
123.570490 86.734047 -1
118.155590 96.440385 -1
84.345136 110.357730 1
95.704026 136.119720 1
70.570894 118.052890 1
127.121030 101.134960 -1
82.534311 105.820760 1
119.856430 85.456296 -1
127.771120 85.691008 -1
79.965346 138.956950 1
138.093400 99.078593 -1
117.002450 88.759507 -1
84.450772 133.443420 1
115.634450 76.455192 -1
133.716400 79.911702 -1
104.845560 140.068340 1
142.950380 101.526870 -1
110.655540 62.682021 -1
125.936210 109.498860 -1
138.018160 100.990060 -1
92.703751 128.213140 1
118.155700 66.665690 -1
103.979270 66.677468 -1
131.908660 58.878201 -1
105.292820 129.391030 1
121.626230 63.903919 -1
119.442070 75.723742 -1
113.609150 90.590011 -1
81.618896 110.034750 1
117.004770 104.759030 -1
94.760810 70.384551 -1
136.985480 115.192380 -1
121.555920 100.271460 -1
78.126739 126.118550 1
140.614210 96.482737 -1
130.581150 100.996610 -1
98.075265 134.345590 1
120.086190 101.281580 -1
99.873326 148.763030 1
108.935650 79.554021 -1
137.739060 98.478753 -1
104.067600 136.759460 1
128.708500 86.599419 -1
102.121690 91.011586 -1
113.923720 155.627990 1
114.711650 125.495150 1
94.341376 124.701720 1
119.583770 88.795699 -1
59.679356 138.476410 1
95.706670 141.498090 1
63.727482 117.728280 1
102.130270 132.743150 1
63.890660 124.344730 1
127.126730 85.361440 -1
93.423940 129.362900 1
89.333953 106.014640 1
135.659490 92.257545 -1
73.371325 141.529750 1
93.759040 107.594070 1
143.543240 47.245912 -1
113.760030 88.660899 -1
100.440880 130.633680 1
102.455030 122.316540 1
132.888260 63.127334 -1
101.039250 83.266536 -1
123.777270 66.462866 -1
122.937770 74.591447 -1
94.855446 118.772280 1
93.956970 102.515680 1
83.075279 128.458340 1
125.824830 100.181680 -1
59.689207 103.111820 1
105.584100 78.816906 -1
98.589337 113.684860 1
111.055060 70.721216 -1
92.151759 115.951040 1
108.975630 74.178105 -1
127.566470 95.465894 -1
122.799210 92.823743 -1
96.966520 131.379280 1
115.163310 150.394630 1
87.776415 130.042650 1
73.574327 109.874480 1
121.432300 60.955751 -1
87.548351 111.434930 1
119.535860 128.954820 1
118.514000 103.512650 -1
117.126490 127.685210 1
105.676930 82.411708 -1
111.833680 141.047170 1
88.221150 124.404280 1
99.146711 159.618260 1
142.127090 117.702540 -1
98.026130 125.962680 1
123.325420 96.499820 -1
114.486950 97.611320 -1
114.824720 57.616664 -1
120.840440 96.445334 -1
74.018399 109.520320 1
72.097447 107.912740 1
73.035778 107.837650 1
102.628900 143.123690 1
139.360900 99.366436 -1
106.519660 53.980692 -1
110.508280 125.184400 1
145.390460 110.545580 -1
95.334499 147.490680 1
125.889960 83.905405 -1
66.703704 154.860350 1
105.357860 123.744200 1
98.844192 72.741592 -1
143.601430 118.412540 -1
128.478970 102.245960 -1
128.063420 103.883810 -1
133.959470 80.430379 -1
88.224613 142.452920 1
101.923780 151.372240 1
110.446730 90.079336 -1
96.380453 114.999540 1
79.270329 126.642030 1
125.613040 106.590560 -1
68.701324 132.516760 1
124.789910 79.735139 -1
108.095310 59.853864 -1
108.935810 83.307038 -1
96.250820 114.022440 1
124.393440 100.070800 -1
106.537750 131.349420 1
119.781900 65.476669 -1
89.621628 117.935400 1
119.635330 111.349730 -1
62.447011 107.655190 1
93.665076 126.670570 1
114.049800 93.635935 -1
135.005440 109.503900 -1
164.854810 89.220003 -1
116.700970 98.807263 -1
130.324880 92.691273 -1
118.421320 104.276650 -1
98.862409 138.362950 1
84.278919 130.117380 1
82.399761 138.399780 1
128.048160 97.205334 -1
88.159419 115.164330 1
136.161940 104.995320 -1
116.427110 79.838810 -1
87.534707 137.507030 1
78.069958 147.199410 1
83.616525 108.917500 1
86.879028 114.993400 1
73.685487 102.188670 1
79.277446 98.167854 1
92.115476 131.278810 1
119.135820 102.705350 -1
81.551816 141.544800 1
108.961170 132.656200 1
135.526870 80.022350 -1
123.681570 87.110941 -1
117.414090 91.639010 -1
107.722780 136.752960 1
99.546190 136.165360 1
112.976690 101.192960 -1
69.159419 134.217870 1
122.991780 59.118982 -1
126.955270 82.489353 -1
89.773718 121.853280 1
144.230740 77.109313 -1
96.962452 119.207360 1
81.328395 106.969250 1
89.777045 105.291350 1
94.257500 115.826420 1
114.614870 94.287369 -1
66.342253 111.539470 1
104.581480 83.786797 -1
150.309820 55.551729 -1
99.925715 139.283650 1
112.734670 89.035723 -1
88.397171 122.128120 1
117.053010 147.317480 1
132.421170 95.776645 -1
134.249170 58.197268 -1
47.503541 137.493960 1
133.813470 90.232558 -1
116.465230 84.793195 -1
123.851750 65.900301 -1
85.799347 135.535960 1
87.399804 126.506790 1
95.888884 121.507250 1
79.991593 112.845400 1
104.868940 134.079690 1
98.348741 124.230100 1
92.587123 114.227090 1
66.122821 144.195140 1
145.068490 111.884990 -1
136.278890 126.774490 -1
112.153670 96.411633 -1
108.520420 129.482540 1
103.288110 120.266830 1
105.142480 136.221690 1
89.313654 119.516050 1
60.980616 99.215551 1
91.513896 110.059750 1
44.514841 130.725350 1
105.320660 85.652431 -1
125.682190 86.635500 -1
136.914230 115.783920 -1
92.670299 132.196560 1
80.486485 125.733140 1
133.599210 61.096700 -1
70.434496 89.352318 1
118.789360 79.354702 -1
91.530037 119.267630 1
111.909910 130.420580 1
126.320880 83.187534 -1
127.914030 108.085770 -1
90.088638 120.047690 1
69.056837 100.685580 1
97.320126 148.664580 1
74.834799 123.172680 1
94.985551 108.879240 1
142.901770 102.690320 -1
108.729720 84.134549 -1
141.472430 85.344671 -1
90.233156 144.015040 1
151.546370 115.376750 -1
74.297747 116.864310 1
153.734200 80.209151 -1
81.545832 133.628700 1
118.399860 88.235376 -1
73.527392 145.297990 1
140.404980 94.761333 -1
99.617080 118.880860 1
91.801010 135.621340 1
118.901140 97.558325 -1
151.310790 104.259990 -1
123.978350 105.240010 -1
110.721810 140.689290 1
137.636170 108.485980 -1
135.557390 77.443665 -1
65.625734 113.310320 1
144.872290 82.336901 -1
100.962870 124.319010 1
91.998009 124.173070 1
90.177477 119.201870 1
117.557930 76.863920 -1
126.223790 103.446160 -1
73.914905 124.070250 1
123.170570 113.348680 -1
119.665060 63.540328 -1
91.039126 125.403910 1
102.858270 140.781580 1
150.278370 99.345106 -1
102.839530 129.055180 1
133.668750 96.540339 -1
74.659054 120.695500 1
107.769430 81.612486 -1
126.419920 96.219651 -1
67.751936 138.522140 1
91.418532 145.498760 1
83.203774 108.402130 1
118.436740 91.811639 -1
113.697810 90.232128 -1
105.059770 142.685700 1
125.931910 78.021732 -1
76.514844 105.826170 1
85.221470 154.274880 1
130.171830 96.112765 -1
82.502205 98.202807 1
122.390080 106.609600 -1
122.165560 70.818333 -1
148.087360 90.944988 -1
105.919570 120.276370 1
101.460860 112.838780 1
121.460410 90.528415 -1
146.108610 100.409440 -1
116.587500 97.752431 -1
103.130740 77.313089 -1
56.792103 102.166950 1
62.239012 125.093890 1
137.454110 98.901161 -1
82.302464 104.920680 1
119.034560 87.336524 -1
100.298400 132.057250 1
117.070940 132.931390 1
99.128239 120.461090 1
116.856160 93.550540 -1
125.529580 92.811694 -1
102.220610 70.628894 -1
120.590160 86.860330 -1
105.826370 123.124350 1
93.360511 133.389350 1
91.885173 128.216400 1
117.462260 69.278716 -1
141.628420 72.838544 -1
132.742390 102.590860 -1
141.674250 100.688160 -1
140.388900 79.991300 -1
122.631600 103.536130 -1
117.777150 93.447628 -1
140.041280 75.373591 -1
146.234600 76.507534 -1
102.571630 143.031000 1
84.526121 134.991340 1
89.103127 117.021720 1
123.672360 102.403480 -1
124.161830 99.557599 -1
160.798400 110.086590 -1
90.691900 125.354210 1
131.952760 120.507360 -1
80.108096 129.483810 1
93.547481 133.176930 1
124.910330 97.541633 -1
145.490470 107.044930 -1
100.530830 114.570770 1
94.135339 127.333340 1
137.049250 107.788980 -1
100.208640 73.531154 -1
103.334760 132.324850 1
95.973772 124.259270 1
104.010970 130.255710 1
112.743130 147.627060 1
149.421270 96.669046 -1
145.848750 78.846670 -1
126.331980 99.742668 -1
122.722090 98.109983 -1
125.293620 96.991374 -1
122.146150 94.798647 -1
118.359740 101.924230 -1
77.799071 108.091490 1
85.480302 128.540170 1
138.368520 75.790408 -1
63.483162 121.191530 1
102.206830 117.373240 1
139.156410 98.370479 -1
87.027486 111.354780 1
122.705330 79.860389 -1
142.059850 99.785226 -1
118.206100 101.305820 -1
111.492930 80.996186 -1
76.474110 125.712320 1
105.169740 131.322040 1
130.930750 110.511770 -1
138.240950 103.403230 -1
104.590530 88.761500 -1
107.826240 88.666381 -1
92.549413 113.348910 1
108.706000 87.606620 -1
86.387087 120.378870 1
97.417552 67.121940 -1
88.239047 98.152622 1
87.456004 129.072140 1
89.612000 112.033940 1
106.500170 67.205682 -1
98.572450 117.077000 1
107.084680 77.185531 -1
106.902850 129.581720 1
136.613090 81.702137 -1
102.997690 118.736450 1
95.677399 124.032160 1
121.548040 93.414122 -1
98.621845 115.940300 1
77.331555 98.947874 1
92.551005 133.798160 1
76.619847 126.941430 1
116.253750 104.957070 -1
77.061449 122.354680 1
98.046577 123.330190 1
145.017080 96.316096 -1
109.976140 136.765210 1
69.917964 127.662820 1
144.105770 99.619253 -1
109.102060 62.394152 -1
96.291726 130.859640 1
112.988710 81.195387 -1
82.000326 124.557940 1
84.858912 108.054910 1
134.575230 104.925770 -1
121.294550 84.832259 -1
117.503430 87.476823 -1
87.975274 106.727990 1
108.602100 86.243878 -1
118.754820 96.672370 -1
89.173699 137.709670 1
100.169660 127.509050 1
88.547841 115.875220 1
80.724622 123.593720 1
133.792750 97.219999 -1
82.883199 139.365790 1
72.315891 131.458200 1
112.965550 68.480051 -1
75.414016 113.652160 1
79.419407 127.846580 1
135.046270 94.237474 -1
133.672620 84.448848 -1
83.915551 120.834280 1
102.691540 131.299470 1
77.823009 134.284690 1
127.682500 92.947742 -1
109.799080 91.694961 -1
82.914139 115.013510 1
80.319601 137.075120 1
124.514040 77.573022 -1
106.110460 79.514222 -1
102.000170 127.844540 1
99.094995 135.844970 1
133.610410 73.082118 -1
117.797240 97.575103 -1
97.251325 69.283615 -1
98.526662 120.798200 1
81.092638 130.023100 1
59.579082 131.872630 1
100.144950 135.647010 1
67.096320 146.137740 1
78.298811 144.312910 1
90.061697 118.687350 1
91.929129 128.175530 1
99.823772 118.020010 1
86.909395 140.453080 1
96.978349 157.081990 1
93.577900 68.906205 -1
116.107000 78.734061 -1
149.497220 71.199297 -1
150.641290 90.949899 -1
125.032290 100.552300 -1
136.405720 85.832434 -1
66.681344 121.641770 1
143.909770 81.341151 -1
87.530524 124.701460 1
104.145960 74.496963 -1
105.759890 114.332060 1
99.159290 86.478206 -1
112.507890 77.210118 -1
94.096239 130.510900 1
78.419424 118.230190 1
115.497250 104.502850 -1
80.808709 120.538980 1
111.132240 69.840486 -1
109.820600 93.313533 -1
103.284250 68.861087 -1
87.030625 109.826570 1
122.553070 68.288005 -1
120.031290 67.248115 -1
79.103617 145.544870 1
109.023620 129.554270 1
58.317370 141.433600 1
130.855460 80.996631 -1
92.561302 126.837530 1
110.642480 85.912834 -1
90.157894 115.743670 1
118.056750 77.398947 -1
50.483982 111.490820 1
129.880120 100.461040 -1
105.893410 84.534369 -1
94.753879 109.914820 1
147.567780 99.351755 -1
88.367276 108.350130 1
139.028890 57.361318 -1
110.771270 89.077484 -1
75.117061 144.825040 1
80.367148 100.134450 1
111.337660 125.216020 1
90.265245 122.714540 1
81.797277 119.109490 1
128.298120 141.735890 1
125.943590 69.012973 -1
73.557468 115.075770 1
74.996190 119.787540 1
132.745260 100.554530 -1
78.082298 114.705130 1
115.629230 97.111977 -1
86.826610 129.231890 1
109.821320 97.921386 -1
117.951330 86.896305 -1
105.958030 84.619172 -1
114.405700 89.404364 -1
131.177750 93.976537 -1
81.351097 109.757670 1
